   9.5174410e-03  -2.0448735e-02    4.7244094e-02   1.6141732e-01   -2.8470522e-02  -1.0848335e-01    4.7244094e-02   1.6141732e-01    1.0488083e-02   1.1298046e+00    1.3646430e-02   1.1327020e+00   -4.0717050e-03   1.4332201e-01   -7.8302238e-03  -1.1945558e-01    4.8585810e-02  -6.4003733e-02    5.0283453e-02  -6.3195177e-01
   1.3813222e-02  -4.7948780e-02   -3.5785288e-02   1.0974155e-01   -1.3547342e-01  -2.5481960e-02   -1.9933555e-02   8.3056478e-02   -2.6657331e-02   6.8108524e-01   -2.6903642e-02   6.6818537e-01   -2.5960879e-01  -6.0271624e-02   -3.1258446e-02  -1.1558488e-01   -6.7720063e-02  -6.3173799e-02   -1.4713786e-03  -3.7213646e-01
   4.9672724e-02  -8.3583870e-02    2.0308387e-02   1.8503197e-01   -1.5262009e-01   9.8659181e-02    5.1379638e-02   1.1037108e-01   -3.9644601e-02   6.0576384e-01   -3.5838812e-02   6.3161788e-01   -1.1917186e-01  -1.9623632e-02   -1.1618467e-02  -9.0294394e-02   -1.1215719e-01  -6.6730250e-02    2.7417863e-02  -5.6972386e-01
  -3.3744822e-02  -1.1211913e-01   -1.2269939e-02   8.8957055e-02    1.0319702e-01  -4.7611167e-01    2.5104603e-02  -1.9079498e-01    1.5163319e-02   1.1806555e+00    1.4499066e-02   1.1430195e+00    7.4787744e-02   3.2143019e-01   -2.5554288e-04  -8.3316403e-04   -4.4999411e-02   7.8496760e-02   -1.5980163e-02  -6.2435632e-01
  -3.1268758e-02  -7.9415267e-02    2.5477707e-02   1.3057325e-01   -4.4375015e-02   8.3381580e-02    9.5693780e-03  -1.1961722e-01    2.1972436e-02   1.1614362e+00    1.5105776e-02   1.0623825e+00   -3.1260982e-02  -4.6131369e-02    5.0868805e-03   1.1648085e-01   -9.9138578e-02   3.1223819e-02    3.0608472e-03  -7.0119499e-01
   1.9193030e-02  -1.2110110e-01   -1.2269939e-02   8.8957055e-02    7.2690453e-02   2.5876157e-01    5.7649667e-02  -9.7560976e-02   -1.5416473e-02   7.9696327e-01   -1.4791954e-02   7.8464596e-01    8.2591269e-03  -1.2588591e-02   -2.5000515e-02  -1.4823021e-01    6.7833608e-02   8.0969317e-02    1.9904872e-03  -7.0328352e-01
  -1.6060444e-02  -5.3441682e-02   -1.8987342e-02   1.6772152e-01   -4.3169420e-04   2.1560967e-02    8.5872010e-03   1.5579636e-01    6.9108822e-03   1.1250826e+00    8.5399476e-03   1.0912801e+00   -2.6513695e-03   2.5253218e-02   -9.6634660e-03  -6.7345737e-01   -3.8016328e-03  -1.1981686e-02   -4.1593970e-02  -3.0749711e-01
  -5.0273580e-03  -1.0748129e-01   -6.1728395e-03   1.8827160e-01    2.7510470e-02   1.1848078e-01    1.6348774e-02   1.7983651e-01   -2.2474170e-03   9.7118106e-01    1.3268238e-03   9.8039526e-01    2.2075329e-02  -5.3958032e-02   -3.5778020e-03  -6.2013250e-01    1.6941006e-02   1.8732939e-02   -2.4246716e-02  -4.9356621e-01
  -1.4412494e-02  -1.0126376e-01    1.8987342e-02   2.4367089e-01    1.9222372e-02   1.6394955e-01    3.4762457e-02   2.2387022e-01   -7.8009373e-03   8.9649433e-01   -1.3395743e-02   8.1391898e-01    1.1796845e-02  -1.0364808e-01    1.5108198e-02  -8.3127606e-01    3.2108324e-02   7.5526118e-02   -4.3362250e-03  -6.0062374e-01
   2.7339264e-02  -1.2282396e-01    3.3333333e-02   2.8333333e-01    2.7035259e-02   9.4925080e-02    4.6745413e-02   2.5634582e-01   -1.4191354e-02   8.8789144e-01   -1.6148020e-02   8.3404806e-01    1.8347585e-17  -1.4896569e-17    2.4316348e-02  -9.9923616e-01    2.0031724e-17   3.1577608e-17    2.0844446e-02  -7.5603352e-01
  -2.6954154e-02  -1.3933429e-01   -6.9268829e-02   8.2462892e-02    1.9724729e-02   2.7931042e-01    5.3097345e-02  -1.4159292e-01    5.5486653e-03   9.8840620e-01    9.8800808e-03   1.0053336e+00    3.6565412e-17  -1.7100000e-01   -9.0305608e-02  -5.1957186e-01   -3.0264861e-02   7.2517590e-02   -2.9101386e-02  -5.3809376e-01
   8.9543282e-02  -2.8076069e-01    7.9964460e-03   1.6259440e-01   -3.8344759e-02  -8.9805678e-02    2.5954198e-01  -2.9007634e-01   -2.6097336e-02   6.8602898e-01   -2.1716323e-02   6.9836496e-01   -9.2369778e-03   1.2277632e-02   -4.2908151e-02  -2.9819093e-01    1.2491861e-01   1.5168896e-01    6.0202097e-02  -1.2408422e+00
   1.5390915e-01  -3.8642451e-01    1.0581319e-01   3.8014370e-01   -4.0812944e-02  -7.1365328e-02   -8.4507042e-02  -3.9436620e-02   -1.5238292e-02   8.0055402e-01   -8.8285133e-03   8.2585681e-01   -4.0509368e-02   5.5522355e-02    9.7161631e-02  -1.3420655e+00    1.3496989e-01   1.4307399e-01    9.8758001e-02  -1.5721731e+00
  -2.3438691e-02   3.5726295e-02    5.2770449e-03   5.2770449e-02   -9.1853694e-02  -1.5726005e-02    5.2770449e-03   5.2770449e-02   -1.5144762e-02   8.6324815e-01   -1.3039869e-02   8.6084342e-01   -1.0376538e-01   2.2466102e-02    3.1300563e-02  -1.0000600e-01   -8.5935419e-02  -2.5244728e-02    6.3534026e-03  -2.1664929e-01
  -1.3739101e-02  -4.5614164e-02    2.2210471e-02   1.8720254e-01   -1.4497052e-02  -4.3766647e-02    9.1324201e-03   1.0958904e-01    1.3833396e-03   1.0005306e+00   -4.6237999e-04   9.5080187e-01    8.9177779e-03   1.6404588e-01    3.7096802e-02  -6.3700255e-01    2.1515716e-02  -8.0854439e-02    3.4812027e-02  -8.8330759e-01
  -6.9404724e-02   6.8505442e-02   -1.8808777e-02   1.0532915e-01   -1.1642187e-02  -4.3517378e-02   -6.9498069e-02  -7.7220077e-03   -1.7331558e-02   7.9194611e-01   -2.3376803e-02   7.3278653e-01   -7.8308559e-02   1.5393892e-01    1.1269443e-02  -1.7460010e-01   -2.6602850e-01  -1.0850334e-01   -4.0602118e-02  -1.8360126e-01
  -2.4719028e-02  -8.5303385e-03    5.2770449e-03   5.2770449e-02    4.9223696e-02  -9.0712540e-02   -1.0909091e-01  -3.6363636e-02   -9.1505638e-04   9.0727097e-01   -5.0662444e-03   8.8105297e-01   -2.8800521e-02  -1.7588693e-02    1.7215479e-02  -2.9677174e-01   -8.5107644e-02  -1.3012172e-02   -7.0995914e-02  -1.1502000e-01
   2.1987129e-02  -4.3116565e-02   -1.6513761e-01   9.1743119e-03   -3.2882589e-03  -9.7423067e-03    0.0000000e+00   0.0000000e+00   -6.2668484e-03   9.1886194e-01   -3.3878496e-03   9.7813622e-01   -3.6140362e-02   9.5473785e-02    1.2947669e-02  -3.0836828e-01    1.4838765e-02   3.2147809e-02    4.8508102e-02  -5.8313622e-01
   1.5450039e-02  -3.0354264e-01    3.9946738e-02   3.6484687e-01   -2.5245150e-03   1.1234003e-02    1.8018018e-02   1.8018018e-01    1.3142729e-02   1.1913455e+00    1.9166912e-02   1.2880507e+00    1.0643920e-02   3.3310222e-02    2.2783787e-02  -4.0621975e-01    4.1242591e-02  -6.7128509e-02    2.2420580e-02  -1.0767715e+00
   1.0205332e-01  -5.6993027e-01    7.9545455e-02   4.1477273e-01   -3.4487393e-02  -7.6190084e-02    1.3107822e-01   4.4820296e-01   -1.7676723e-02   8.2869495e-01   -1.8584809e-02   8.3267641e-01   -1.3106130e-02   4.8685464e-02    4.0286424e-02  -5.1521911e-01   -1.1719199e-02  -2.4891425e-02    8.9137169e-02  -1.6832604e+00
  -3.2135246e-02  -1.0594736e-01   -1.2195122e-02   1.6463415e-01    3.1661723e-02  -6.5733635e-02   -1.4388489e-02   1.1510791e-01   -1.3989466e-02   8.7729148e-01   -1.7059600e-02   8.6112915e-01    1.2106629e-02   5.5567809e-02   -2.0278249e-01   5.2548157e-01   -1.7171854e-04  -2.9470336e-02   -7.6533892e-02   7.0505316e-02
