0.00795144 0.0120014 0.000245532 -0.00395063 -0.0110791 0.0101539 -0.013301 -0.00340377 0.0136848 -0.0121376 -0.00424959 -0.00422848 0.00728206 0.0048917 -0.000334465 -0.00451557 0.00443894 0.0017433 0.00890847 -0.0057122 
0.00870207 -0.00988 0.00565419 -0.00539204 -0.000306221 0.000578213 -0.000966364 -0.00460856 -0.00148109 0.0212283 -0.0058672 0.00373925 -0.00563628 -0.00251503 -0.000874371 0.00644759 0.00252779 -0.00723199 -0.00325732 0.00404864 
0.000394536 0.00453785 -0.00143856 -0.0025933 -0.000306221 0.0184523 -0.00737515 -0.00190479 -0.00268771 9.79913e-005 -0.00229984 0.00894728 0.00561275 -0.00492854 -0.00279944 -0.00451557 -0.00483205 0.00273471 -0.00273061 0.00623806 
0.000138843 -0.00988 -0.00191483 0.000813791 0.00623475 -0.00332417 -0.00516551 -0.00115987 0.00732539 -0.0046203 0.0129942 0.00514989 -0.0115831 -0.00790929 0.0135939 0.00644759 -0.0060947 -0.00226915 0.0037796 0.00958784 
0.00569119 0.00404418 -0.00414675 -0.0025933 -0.00369299 0.0100182 -0.00174313 -0.022644 -0.00480468 0.0115985 0.0129942 0.0110123 0.00392062 -0.00790929 -0.00571812 0.00855131 0.00605498 -0.0101414 -0.00733484 -0.00601379 
0.00859795 0.0120014 -0.0106582 -0.013424 -0.0087363 0.0184523 -0.0196727 0.00842299 0.0136848 -0.00675908 -0.00118857 0.0241032 0.00659376 0.00574903 0.00218961 -0.000154048 -0.00159909 0.0017433 -0.00381029 -0.013254 
-0.00440499 0.00404418 -0.00191483 -0.013424 -0.000364037 0.0184523 -0.000966364 0.00458448 0.00232889 0.0359763 0.00197725 0.011414 -0.0115831 -0.00251503 0.00155162 -0.0154611 -0.00483205 0.0017433 -0.00123088 0.000369551 
0.00859795 0.000332352 -0.0106582 0.00715147 0.00994454 -0.000155678 0.00857851 -0.000485401 -0.00268771 -0.0498081 -0.0102445 -0.0281287 -0.0115831 0.0048917 -0.0105182 -0.000917317 -0.00483205 -0.00486038 -0.00273061 -0.013254 
-0.0127697 0.00453785 0.00778333 -0.00539204 -0.000364037 0.0044492 0.0105849 -0.022644 -0.037011 0.0138053 0.00197725 0.00894728 -0.0131143 -0.00530999 -0.00279944 -0.00451557 -0.00360034 -0.0101414 -0.00733484 0.00220689 
0.00870207 0.0120014 -0.00143856 0.00715147 0.00255031 -0.0025261 -0.00737515 -0.022644 0.00732539 -0.0498081 0.0106812 -0.0170366 0.00265132 -0.00530999 0.00218961 0.00417203 -0.0143477 -0.0101414 -0.00286363 0.00404864 
0.00569119 -0.0132008 -0.0106582 -0.00346513 0.00255031 -0.00209975 -0.00516551 -0.00387084 0.00732539 -0.0121376 0.0129942 0.00373925 0.0152971 -0.00251503 -0.0117779 0.00855131 -0.0060947 0.00988734 -0.00667065 0.000803702 
0.000138843 0.000717147 -0.00496979 -0.013424 0.00623475 -0.0102524 -0.00737515 -0.00886465 -0.00268771 0.0212283 0.0129942 0.011414 0.000823552 -0.00251503 7.55969e-005 0.00644759 0.00605498 0.00579051 -0.000710021 -0.00207511 
0.00859795 -0.0132008 0.0102085 -0.00985958 -0.00202263 0.0184523 -0.00737515 -0.00886465 0.00732539 -0.00675908 -0.00855852 0.00894728 0.0152971 0.00646052 -0.000334465 -0.00498198 -0.00360034 0.00298313 -0.00381029 0.00623806 
-0.00314099 0.00453785 0.00778333 -0.000741854 -0.000364037 0.00263785 0.00857851 0.00455889 0.00388373 0.0212283 -0.0146811 -0.00364411 -0.00544692 -0.00349054 7.55969e-005 -0.000917317 -0.00483205 0.00298313 -0.00123088 -0.013254 
-0.00188507 -0.00988 0.00565419 -0.00104792 0.018464 -0.0102524 0.00857851 -0.00505869 0.025567 -0.00928554 -0.0181781 0.00373925 0.0152971 -0.00251503 0.00218961 -0.000917317 -0.00382903 -0.00313866 -0.00733484 -0.013254 
0.0102512 -0.0132008 0.00565419 -0.00571368 -0.00369299 -0.00459058 -0.00737515 -0.00505869 -0.00268771 0.0212283 -0.0146811 0.00373925 -0.00544692 -0.00492397 -0.0105182 -0.0154611 0.00443894 0.021604 -0.00476114 0.000421736 
-0.00499218 0.00453785 0.00565419 -0.00665869 -0.000364037 0.00263785 0.00140932 -0.00505869 -0.00148109 0.0212283 0.0437735 0.00373925 0.00392062 -0.00530999 0.0135939 -0.00288219 -0.00360034 -0.0101414 0.0100219 0.00220689 
0.00870207 -0.00988 0.00778333 -0.00111139 -0.00369299 -0.0102524 0.0137208 0.00229147 0.00388373 -0.00126621 -0.00424959 -0.00422848 -0.00475236 -0.00530999 -0.00279944 0.00644759 -0.0143477 0.0017433 0.0100219 0.00260239 
0.00795144 0.00615113 -0.0062485 -0.00104792 0.00396324 0.0101539 -0.00166005 -0.00340377 -0.00353261 -0.0121376 0.0106812 0.0118657 -0.0131143 -0.00251503 -0.000129959 0.00417203 -0.00124075 -0.0101414 -0.00733484 0.00623806 
-0.00296109 0.0175401 0.000128213 -0.000541104 -0.00325318 -0.0102524 -0.00737515 0.00458448 0.00699454 -0.0121376 0.00197725 0.0241032 0.00156617 -0.0106865 -0.0105182 0.00855131 -0.00124075 -0.00226915 0.00128145 -0.00405298 
0.0102512 0.00252935 0.000128213 -0.00395063 -0.0110791 -0.00566043 0.00857851 0.0148019 0.00388373 -0.0498081 0.0437735 0.00514989 -0.0131143 -0.0106865 0.00677998 -0.0052947 -0.00479611 0.00273471 -0.00325732 0.0138395 
